===================== configs/adult.json =====================
---------------------phase1---------------------
Original data mean: [0.29648747 0.44280976 0.12000361 0.68589465 0.6052059  0.43645838
 0.47329379 0.2886573  0.91701302 0.66848204 0.01079078 0.02008777
 0.40226921 0.91084159]
Covariance Matrix:  [[ 3.52745511e-02  1.36033996e-03 -1.02823157e-03 -7.30488674e-04
   9.96007362e-04 -1.24584113e-02 -7.63151851e-06 -1.58508343e-02
   1.12893941e-03  7.79126885e-03  1.08091012e-03  9.89462804e-04
   1.69936567e-03 -7.42469566e-05]
 [ 1.36033996e-03  2.51815928e-02 -3.00651464e-04  2.13905452e-04
   1.99454797e-04 -8.32183463e-04  4.76782741e-04 -2.85118695e-03
   1.80975179e-03  4.98067902e-03  3.73187643e-04  6.11919688e-05
   8.59689784e-04 -1.15540709e-04]
 [-1.02823157e-03 -3.00651464e-04  5.10439762e-03 -4.16520312e-04
  -4.74646072e-04  5.35917622e-04 -4.91483564e-05  2.08146756e-04
  -4.08921343e-04  9.32966089e-04 -1.97333810e-05 -2.88597756e-05
  -1.22124696e-04 -6.30594103e-04]
 [-7.30488674e-04  2.13905452e-04 -4.16520312e-04  6.67186294e-02
   1.59232309e-02 -2.42859138e-03 -2.76992642e-03 -8.90393221e-04
   7.23828430e-04 -3.28809341e-03  5.56817514e-04  4.21506332e-04
   1.88314657e-03  2.93435093e-03]
 [ 9.96007362e-04  1.99454797e-04 -4.74646072e-04  1.59232309e-02
   2.93773374e-02 -3.01452411e-03  3.80451136e-03 -4.97224184e-03
   1.05991870e-03  7.52659287e-04  1.59846482e-03  1.28399351e-03
   3.11404804e-03  2.32956624e-03]
 [-1.24584113e-02 -8.32183463e-04  5.35917622e-04 -2.42859138e-03
  -3.01452411e-03  6.31435272e-02  2.33558714e-03  1.51214746e-02
  -3.72569673e-03 -1.50802122e-02 -8.23365752e-04 -7.87448353e-04
  -5.89605204e-03 -6.78967566e-04]
 [-7.63151851e-06  4.76782741e-04 -4.91483564e-05 -2.76992642e-03
   3.80451136e-03  2.33558714e-03  9.32051531e-02 -3.42042091e-03
  -3.36390128e-04  6.11946461e-03  3.30286864e-04  3.13019272e-04
  -6.00282878e-04 -7.26007896e-05]
 [-1.58508343e-02 -2.85118695e-03  2.08146756e-04 -8.90393221e-04
  -4.97224184e-03  1.51214746e-02 -3.42042091e-03  1.02675542e-01
  -7.93185615e-03 -8.74605546e-02 -1.34939496e-03 -1.69573373e-03
  -1.01452903e-02 -3.38163806e-04]
 [ 1.12893941e-03  1.80975179e-03 -4.08921343e-04  7.23828430e-04
   1.05991870e-03 -3.72569673e-03 -3.36390128e-04 -7.93185615e-03
   4.47307698e-02  8.63567178e-03  1.82521247e-04  3.63842513e-04
   1.06149763e-03  3.74889805e-03]
 [ 7.79126885e-03  4.98067902e-03  9.32966089e-04 -3.28809341e-03
   7.52659287e-04 -1.50802122e-02  6.11946461e-03 -8.74605546e-02
   8.63567178e-03  2.21618338e-01  1.65214138e-03  1.98083994e-03
   1.36049997e-02 -1.74094601e-04]
 [ 1.08091012e-03  3.73187643e-04 -1.97333810e-05  5.56817514e-04
   1.59846482e-03 -8.23365752e-04  3.30286864e-04 -1.34939496e-03
   1.82521247e-04  1.65214138e-03  5.55336987e-03 -2.16767198e-04
   7.74141208e-04  8.89878200e-05]
 [ 9.89462804e-04  6.11919688e-05 -2.88597756e-05  4.21506332e-04
   1.28399351e-03 -7.87448353e-04  3.13019272e-04 -1.69573373e-03
   3.63842513e-04  1.98083994e-03 -2.16767198e-04  8.55941653e-03
   6.37166747e-04  9.10051016e-05]
 [ 1.69936567e-03  8.59689784e-04 -1.22124696e-04  1.88314657e-03
   3.11404804e-03 -5.89605204e-03 -6.00282878e-04 -1.01452903e-02
   1.06149763e-03  1.36049997e-02  7.74141208e-04  6.37166747e-04
   1.59879097e-02  1.23863602e-04]
 [-7.42469566e-05 -1.15540709e-04 -6.30594103e-04  2.93435093e-03
   2.32956624e-03 -6.78967566e-04 -7.26007896e-05 -3.38163806e-04
   3.74889805e-03 -1.74094601e-04  8.89878200e-05  9.10051016e-05
   1.23863602e-04  2.27371416e-02]]
Eigenvector 0: [ 0.06610141  0.02424711  0.00204107 -0.0093073   0.0149854  -0.10272652
  0.03734931 -0.46901274  0.05165291  0.86912684  0.00868346  0.01039593
  0.06762011  0.00110439] with eigenValue 0.2732542458369909
Eigenvector 1: [-3.73332300e-02  1.59343164e-03  1.29786765e-03 -1.02984210e-01
  2.12631172e-02  1.24899583e-01  9.84352313e-01  4.03450271e-02
 -2.59133686e-02 -9.44619620e-04  8.84638203e-04  7.05395084e-04
 -2.52900272e-02 -7.33308856e-03] with eigenValue 0.09375375253045555
Eigenvector 2: [-0.21376753 -0.01573694  0.01802442 -0.65427136 -0.30352314  0.46760278
 -0.1474471   0.3195417  -0.10324562  0.26200278 -0.02230013 -0.02042888
 -0.08220834 -0.06368467] with eigenValue 0.07741516596463074
Eigenvector 3: [-0.29885449 -0.00959538  0.00871084  0.65798594  0.1839096   0.5292349
 -0.02793299  0.29837235 -0.07256854  0.25805249 -0.00188756 -0.0040962
 -0.02697647  0.03533491] with eigenValue 0.06795961531871171
Eigenvector 4: [-5.63331674e-02 -4.00915196e-03  3.81196127e-03  4.38356368e-02
 -2.40604456e-02 -6.31165167e-01  5.29333085e-02  7.00167394e-01
 -8.13355955e-02  3.09771819e-01  5.68394983e-04 -3.38622055e-03
  1.71355263e-02 -3.20058928e-03] with eigenValue 0.052180606970093496
Eigenvector 5: [-0.11309495  0.0671248  -0.00813557 -0.04065656 -0.00355864  0.03068884
  0.00879532  0.12527441  0.96865584  0.02043998 -0.00262786  0.00103246
 -0.01247653  0.15932223] with eigenValue 0.04433168265087117
Eigenvector 6: [-8.83865352e-01 -2.51746199e-01  3.04809359e-02 -7.72126221e-02
  6.87113185e-02 -2.46658690e-01 -2.13242461e-04 -2.52774414e-01
 -4.80346563e-02 -9.62485713e-02 -2.36804639e-02 -1.83530131e-02
  7.90104897e-02  1.86262774e-02] with eigenValue 0.028355281736122024
Eigenvector 7: [ 2.33056598e-01 -9.54407156e-01  6.02238017e-04  4.32990962e-03
  1.06295063e-02  5.19306030e-02  3.07665819e-03  5.02174419e-02
  6.03771944e-02  4.28222761e-02 -7.76236437e-03  8.94231587e-03
 -6.10812324e-02  1.41708049e-01] with eigenValue 0.024776847974366866
Eigenvector 8: [ 0.0475314   0.07806476 -0.02650481 -0.32832514  0.79517131  0.06114775
 -0.0565648   0.08766839 -0.09513207  0.02606369  0.06293745  0.05626858
  0.15083296  0.44341594] with eigenValue 0.023851935248780633
Eigenvector 9: [ 0.02953552 -0.10973843  0.02175012 -0.09955369  0.43109794  0.03202343
 -0.02474858  0.05841787  0.14397615  0.01168946  0.03540068  0.03618809
  0.11189556 -0.86594219] with eigenValue 0.021319915494081076
Eigenvector 10: [ 0.04039222 -0.04201077 -0.00679764  0.02947686 -0.20521244  0.08652563
  0.020794    0.06172969  0.00443839 -0.03173184  0.03171067  0.03260615
  0.96822905  0.0358311 ] with eigenValue 0.013843455691659082
Eigenvector 11: [ 2.58751195e-02 -5.76775768e-03 -5.92281286e-03 -8.37143532e-03
  5.04991133e-02  1.81867424e-03  5.77955318e-04 -1.09213270e-03
  5.55021820e-03  4.10809353e-03  1.21862773e-01 -9.90053708e-01
  3.90450447e-02 -2.82475433e-03] with eigenValue 0.008462759846293919
Eigenvector 12: [-2.90344532e-02 -1.09069719e-02  1.43517040e-01  9.41522526e-03
 -6.81239725e-02 -9.25303150e-04 -7.33082282e-04 -3.34640072e-03
  3.97362091e-05 -5.76910788e-03  9.78954068e-01  1.13413381e-01
 -4.90017804e-02  7.11771250e-03] with eigenValue 0.005340580259979262
Eigenvector 13: [ 3.81235470e-02  1.50023993e-02  9.88296120e-01  3.33509213e-04
  2.24154919e-02 -1.20619905e-03  7.19042459e-04  5.23604113e-04
  6.52037193e-03 -5.84485901e-03 -1.39187673e-01 -2.04975133e-02
  1.46542859e-02  3.16655709e-02] with eigenValue 0.005021830875063735
Variance Ratios for selected components: [0.36932854 0.12671692 0.1046338 ]
phase1 ran in 3.22s
---------------------phase3---------------------
phase3 ran in 2.83s
---------------------phase4---------------------
phase4 ran in 1.71s
---------------------phase5---------------------
phase5 ran in 335.22s
===================== configs/pen-based.json =====================
---------------------phase1---------------------
Original data mean: [0.3881432  0.85120269 0.40605622 0.83774199 0.49770378 0.65573144
 0.51220251 0.44498999 0.56868541 0.33695961 0.60516376 0.3482651
 0.55022289 0.34937045 0.47287482 0.28845342]
Covariance Matrix:  [[ 1.17359567e-01  1.93221497e-02  2.53446645e-02  7.85477337e-03
  -5.13890243e-02 -9.59359670e-03 -3.84577515e-02 -1.04579251e-02
  -4.47833053e-03 -9.59365430e-03  2.41688101e-02 -9.85460006e-03
   1.03499999e-02 -2.57660350e-03 -5.12335661e-02  4.21768122e-03]
 [ 1.93221497e-02  2.63042035e-02 -3.42497164e-03  6.65645991e-03
  -1.71771671e-02 -1.11816095e-02 -1.58892109e-02 -1.85873685e-02
  -4.48064062e-03 -1.35524889e-02  8.73974481e-03 -1.02186013e-03
   4.86613169e-03  6.67523634e-03 -9.12448413e-03  7.40449875e-03]
 [ 2.53446645e-02 -3.42497164e-03  6.93952813e-02  2.23355578e-02
   3.74134436e-02  3.24966753e-02 -1.53141681e-02  2.33122388e-02
  -1.29742232e-02 -2.64425448e-03 -2.21040408e-03 -3.31083712e-02
  -9.58320787e-03 -4.12827942e-02 -1.97236354e-02 -2.97174456e-02]
 [ 7.85477337e-03  6.65645991e-03  2.23355578e-02  3.67245343e-02
   1.27333462e-02  3.49594445e-02 -2.12652476e-03  1.54240516e-02
  -1.02231943e-02 -1.47425678e-02 -1.29475603e-02 -3.80785061e-02
  -3.82547247e-03 -4.11538646e-02  9.13274979e-03 -2.64053941e-02]
 [-5.13890243e-02 -1.71771671e-02  3.74134436e-02  1.27333462e-02
   1.16284509e-01  4.28029262e-02  4.46698018e-02  3.63078562e-02
  -2.60501665e-02  4.57221003e-03 -4.11059291e-02 -2.85086697e-02
  -2.59097784e-02 -3.18089610e-02  7.50987721e-03 -1.52520094e-02]
 [-9.59359670e-03 -1.11816095e-02  3.24966753e-02  3.49594445e-02
   4.28029262e-02  7.28821144e-02  1.53307562e-02  6.29658385e-02
  -3.31951421e-03  1.14556860e-02 -1.51011297e-02 -4.63112184e-02
  -1.09226405e-02 -7.11380801e-02  1.05660528e-02 -5.77662966e-02]
 [-3.84577515e-02 -1.58892109e-02 -1.53141681e-02 -2.12652476e-03
   4.46698018e-02  1.53307562e-02  9.34945662e-02  3.47191058e-02
   4.56600970e-02  2.95727875e-02 -1.84152957e-02  8.28870002e-03
  -2.53914927e-02 -8.18377387e-03  4.51214636e-03 -1.12200034e-02]
 [-1.04579251e-02 -1.85873685e-02  2.33122388e-02  1.54240516e-02
   3.63078562e-02  6.29658385e-02  3.47191058e-02  8.94375033e-02
   3.01453376e-02  5.30170563e-02  1.26771602e-02 -1.92487527e-02
  -8.59424306e-03 -7.13800172e-02 -1.66729400e-02 -7.60890065e-02]
 [-4.47833053e-03 -4.48064062e-03 -1.29742232e-02 -1.02231943e-02
  -2.60501665e-02 -3.31951421e-03  4.56600970e-02  3.01453376e-02
   1.16523438e-01  4.96019167e-02  7.68603418e-02  2.70169803e-02
  -5.11348187e-03 -1.10088888e-02 -5.57177199e-02 -3.27845645e-02]
 [-9.59365430e-03 -1.35524889e-02 -2.64425448e-03 -1.47425678e-02
   4.57221003e-03  1.14556860e-02  2.95727875e-02  5.30170563e-02
   4.96019167e-02  7.42646884e-02  3.95962854e-02  3.50747903e-02
   1.43489664e-03 -1.94701064e-02 -3.82303543e-02 -4.43128639e-02]
 [ 2.41688101e-02  8.73974481e-03 -2.21040408e-03 -1.29475603e-02
  -4.11059291e-02 -1.51011297e-02 -1.84152957e-02  1.26771602e-02
   7.68603418e-02  3.95962854e-02  1.39040133e-01  2.77531865e-02
   3.58581065e-02 -3.25474177e-03 -1.05457154e-01 -2.73727519e-02]
 [-9.85460006e-03 -1.02186013e-03 -3.31083712e-02 -3.80785061e-02
  -2.85086697e-02 -4.63112184e-02  8.28870002e-03 -1.92487527e-02
   2.70169803e-02  3.50747903e-02  2.77531865e-02  7.35493418e-02
   9.70942139e-03  5.93049308e-02 -1.41514309e-02  2.82760810e-02]
 [ 1.03499999e-02  4.86613169e-03 -9.58320787e-03 -3.82547247e-03
  -2.59097784e-02 -1.09226405e-02 -2.53914927e-02 -8.59424306e-03
  -5.11348187e-03  1.43489664e-03  3.58581065e-02  9.70942139e-03
   4.98876311e-02  9.06924233e-03  7.75595210e-05  5.25697290e-03]
 [-2.57660350e-03  6.67523634e-03 -4.12827942e-02 -4.11538646e-02
  -3.18089610e-02 -7.11380801e-02 -8.18377387e-03 -7.13800172e-02
  -1.10088888e-02 -1.94701064e-02 -3.25474177e-03  5.93049308e-02
   9.06924233e-03  1.09928473e-01  7.01509360e-03  1.01685006e-01]
 [-5.12335661e-02 -9.12448413e-03 -1.97236354e-02  9.13274979e-03
   7.50987721e-03  1.05660528e-02  4.51214636e-03 -1.66729400e-02
  -5.57177199e-02 -3.82303543e-02 -1.05457154e-01 -1.41514309e-02
   7.75595210e-05  7.01509360e-03  1.74393099e-01  1.84982233e-02]
 [ 4.21768122e-03  7.40449875e-03 -2.97174456e-02 -2.64053941e-02
  -1.52520094e-02 -5.77662966e-02 -1.12200034e-02 -7.60890065e-02
  -3.27845645e-02 -4.43128639e-02 -2.73727519e-02  2.82760810e-02
   5.25697290e-03  1.01685006e-01  1.84982233e-02  1.28007198e-01]]
Eigenvector 0: [ 0.04053118  0.06621398 -0.19660965 -0.14522717 -0.22607221 -0.34017157
 -0.15010629 -0.40955648 -0.16601926 -0.20417452 -0.09823603  0.18750192
  0.06894014  0.46011287  0.15172323  0.47286303] with eigenValue 0.42137129427199504
Eigenvector 1: [ 0.20191868  0.0473849  -0.06599379 -0.11765398 -0.27815639 -0.16638822
 -0.04488126  0.0033989   0.37215198  0.21324619  0.54323917  0.22055713
  0.10665163  0.09385819 -0.53123597 -0.03978847] with eigenValue 0.37020688031046467
Eigenvector 2: [ 0.51193855  0.14001857  0.26665912  0.18614208 -0.19700519  0.07262185
 -0.47543556 -0.11012684 -0.30454499 -0.26971006  0.04939352 -0.30110406
  0.10092188 -0.18626122 -0.15150557 -0.06228118] with eigenValue 0.22855530019921264
Eigenvector 3: [-0.04271093  0.01864846 -0.2785988   0.02913309 -0.57383925  0.02194725
 -0.16205576  0.0716035   0.14417518  0.08371784  0.05174071  0.06488072
  0.22498112 -0.1691093   0.5761704  -0.33515836] with eigenValue 0.13412642692017712
Eigenvector 4: [-0.56081503 -0.04600039  0.04396665 -0.07579917  0.27048061  0.00747128
 -0.43291024 -0.03363904 -0.32357015  0.02349243  0.38913881  0.06308007
  0.38240319  0.00239711 -0.02343874 -0.08055104] with eigenValue 0.08619220748996717
Eigenvector 5: [ 0.32961377 -0.1485957   0.13603369 -0.25598225  0.03018345 -0.02274745
 -0.14707629  0.28642642 -0.3976534   0.50429758 -0.26174248  0.41895078
  0.04772916  0.10977258  0.02354238 -0.09373629] with eigenValue 0.07182628536871416
Eigenvector 6: [-0.27843794  0.10973651 -0.15369177 -0.0955456  -0.14004583 -0.26664463
 -0.21007738 -0.23766291 -0.13045191 -0.02182056 -0.25305209  0.08873234
 -0.53051738 -0.13363276 -0.30082361 -0.45513498] with eigenValue 0.04573381804754723
Eigenvector 7: [ 0.02226811  0.09920389 -0.70821527  0.07207061 -0.081978    0.16414798
  0.21529747  0.1920634  -0.39990422  0.0064435  -0.08241838 -0.1598525
  0.22286568 -0.06767597 -0.33720943  0.07565392] with eigenValue 0.039759184275850054
Eigenvector 8: [ 0.21762283  0.38659607  0.02551831  0.08076383  0.31796334 -0.35848537
  0.38658243 -0.29922961 -0.10400062 -0.03277293  0.04021195  0.16327555
  0.34490626 -0.09162494  0.11206427 -0.3838399 ] with eigenValue 0.02867900737893568
Eigenvector 9: [-0.10766637  0.67456725  0.03145254  0.44597516  0.00422053  0.31049943
 -0.14117404  0.08071586  0.01791803  0.18728955  0.01354805  0.30710608
 -0.18299505  0.15884993  0.03925676  0.14301503] with eigenValue 0.02042742451659505
Eigenvector 10: [-0.26896782 -0.24824465  0.31777608  0.44536724 -0.34967549 -0.0149788
  0.17527247 -0.19143838 -0.00725689  0.11752281 -0.35401324  0.12449872
  0.37020857 -0.02071651 -0.290039    0.0231328 ] with eigenValue 0.01290614210585656
Eigenvector 11: [-0.09635544  0.33111096  0.01256386 -0.18707939  0.06391612 -0.34952773
 -0.21320257  0.07298167  0.24705458  0.37819841 -0.29658419 -0.33779604
  0.19802939 -0.3430518  -0.03644176  0.32329788] with eigenValue 0.010031804158145844
Eigenvector 12: [-0.20041617  0.35874469  0.3276402  -0.37852615 -0.28456971 -0.02751766
  0.19701612  0.43197692 -0.07329176 -0.32432162 -0.09427909 -0.12028104
  0.13362487  0.29988491 -0.094066   -0.15100219] with eigenValue 0.006615316041822339
Eigenvector 13: [ 0.10054783 -0.00636306 -0.19430982 -0.13128736  0.2663846   0.31055446
 -0.32101987 -0.06461978  0.44224793 -0.24809572 -0.41752048  0.16483338
  0.3104273   0.18544373 -0.15624792 -0.21546845] with eigenValue 0.005867899609406598
Eigenvector 14: [ 0.03888578 -0.10928654 -0.09699949  0.39658155  0.12140479 -0.33506324
 -0.14099552  0.21012215  0.06217947  0.19837891 -0.01470275 -0.41626563
 -0.01913246  0.58478789  0.03826893 -0.26134233] with eigenValue 0.0027405462168083134
Eigenvector 15: [-0.01140407  0.10439363  0.0730999  -0.29565315 -0.09411323  0.44208726
  0.12776468 -0.5152609  -0.05993669  0.42262721  0.02901049 -0.37802847
  0.0117713   0.25231472  0.01603202 -0.14173881] with eigenValue 0.0024367447453392454
Variance Ratios for selected components: [0.28327934 0.24888254 0.15365307]
phase1 ran in 1.71s
---------------------phase3---------------------
phase3 ran in 1.28s
---------------------phase4---------------------
phase4 ran in 0.65s
---------------------phase5---------------------
phase5 ran in 56.85s
===================== configs/vote.json =====================
---------------------phase1---------------------
Original data mean: [0.42988506 0.55862069 0.60689655 0.40689655 0.52183908 0.65057471
 0.5816092  0.5908046  0.52643678 0.51264368 0.34482759 0.39310345
 0.53793103 0.6091954  0.4        0.85747126]
Covariance Matrix:  [[ 0.2456486   0.00123947  0.09103766 -0.09698077 -0.08429472 -0.09137666
   0.08350019  0.0887547   0.08192701 -0.02272896  0.02653742 -0.09564596
  -0.08431591 -0.08967636  0.05345622  0.03606653]
 [ 0.00123947  0.24713173 -0.01031305  0.01180677  0.032703    0.03665978
  -0.04454155 -0.01743207 -0.04129986 -0.03127284  0.02812649 -0.00812013
   0.05595106 -0.0023836  -0.0235023  -0.0054505 ]
 [ 0.09103766 -0.01031305  0.23912283 -0.17608454 -0.15153345 -0.09389798
   0.13468934  0.16135389  0.14981726  0.0061338   0.04830764 -0.15156523
  -0.1175433  -0.13554743  0.10921659  0.07517877]
 [-0.09698077  0.01180677 -0.17608454  0.24188781  0.17657715  0.10333704
  -0.13812172 -0.16260925 -0.16170348  0.00982044 -0.06689973  0.1645638
   0.13775624  0.152471   -0.12396313 -0.06860003]
 [-0.08429472  0.032703   -0.15153345  0.17657715  0.25009799  0.14820171
  -0.16365274 -0.19150379 -0.19009481  0.0037555  -0.03519784  0.14462101
   0.15412363  0.16523651 -0.13317972 -0.06370041]
 [-0.09137666  0.03665978 -0.09389798  0.10333704  0.14820171  0.22785105
  -0.11888342 -0.1202712  -0.13129403  0.02055723  0.00325759  0.11002701
   0.12849198  0.1327136  -0.09953917 -0.04070131]
 [ 0.08350019 -0.04454155  0.13468934 -0.13812172 -0.16365274 -0.11888342
   0.24390063  0.1717199   0.16085598  0.00991048  0.00866042 -0.12547275
  -0.13386302 -0.11780285  0.1078341   0.07617459]
 [ 0.0887547  -0.01743207  0.16135389 -0.16260925 -0.19150379 -0.1202712
   0.1717199   0.24231156  0.1790455   0.0074898   0.02852376 -0.14292071
  -0.13421262 -0.13954659  0.11797235  0.07748821]
 [ 0.08192701 -0.04129986  0.14981726 -0.16170348 -0.19009481 -0.13129403
   0.16085598  0.1790455   0.24987552  0.01060967  0.01390434 -0.13829652
  -0.12715716 -0.13250172  0.11382488  0.06598866]
 [-0.02272896 -0.03127284  0.0061338   0.00982044  0.0037555   0.02055723
   0.00991048  0.0074898   0.01060967  0.25041581 -0.00897823  0.00999523
   0.01161608  0.02568992 -0.00967742  0.01102283]
 [ 0.02653742  0.02812649  0.04830764 -0.06689973 -0.03519784  0.00325759
   0.00866042  0.02852376  0.01390434 -0.00897823  0.22644208 -0.0413952
  -0.02463054 -0.0308279   0.04147465  0.01239472]
 [-0.09564596 -0.00812013 -0.15156523  0.1645638   0.14462101  0.11002701
  -0.12547275 -0.14292071 -0.13829652  0.00999523 -0.0413952   0.23912283
   0.12675989  0.13554743 -0.11152074 -0.05674559]
 [-0.08431591  0.05595106 -0.1175433   0.13775624  0.15412363  0.12849198
  -0.13386302 -0.13421262 -0.12715716  0.01161608 -0.02463054  0.12675989
   0.24913396  0.1323693  -0.11198157 -0.05679326]
 [-0.08967636 -0.0023836  -0.13554743  0.152471    0.16523651  0.1327136
  -0.11780285 -0.13954659 -0.13250172  0.02568992 -0.0308279   0.13554743
   0.1323693   0.23862493 -0.12442396 -0.05122093]
 [ 0.05345622 -0.0235023   0.10921659 -0.12396313 -0.13317972 -0.09953917
   0.1078341   0.11797235  0.11382488 -0.00967742  0.04147465 -0.11152074
  -0.11198157 -0.12442396  0.240553    0.04562212]
 [ 0.03606653 -0.0054505   0.07517877 -0.06860003 -0.06370041 -0.04070131
   0.07617459  0.07748821  0.06598866  0.01102283  0.01239472 -0.05674559
  -0.05679326 -0.05122093  0.04562212  0.12249589]]
Eigenvector 0: [-0.1894524   0.05011413 -0.29309631  0.31478001  0.33435408  0.24997194
 -0.29049813 -0.31774343 -0.31109614  0.01133775 -0.06955238  0.28481772
  0.27710561  0.28567333 -0.24308266 -0.12892565] with eigenValue 1.7346298026413214
Eigenvector 1: [-0.18593563 -0.64852194 -0.08957822  0.13956783 -0.06225326 -0.1043404
  0.18955539  0.05144152  0.15090936  0.45023832 -0.42198704  0.16543393
 -0.11414381  0.13573374 -0.02946157  0.02745662] with eigenValue 0.3281651487778148
Eigenvector 2: [-0.19366396  0.17475134  0.21698421 -0.15138631  0.01064521  0.33759451
  0.00980258  0.10416274  0.04301202  0.71413034  0.40078907 -0.07248581
  0.17474904  0.11999245 -0.00125066  0.11946423] with eigenValue 0.26331715934430794
Eigenvector 3: [ 0.27542858  0.52647295  0.04959668  0.08706846  0.01791799 -0.0730373
  0.12294426  0.13896759  0.11374056  0.22364039 -0.60937656 -0.08613353
  0.204537   -0.01117108 -0.32326331  0.09312213] with eigenValue 0.21160611306434196
Eigenvector 4: [ 0.81737667 -0.2874529   0.0291292  -0.01444936  0.1594474  -0.03651207
 -0.04305713 -0.11817855 -0.12342144  0.18477225  0.24706624 -0.02762147
 -0.09878678  0.11834231 -0.26555789 -0.01300742] with eigenValue 0.19358883626883305
Eigenvector 5: [ 0.07435005  0.21527663 -0.24473984  0.14739064  0.0011492  -0.36845118
 -0.25460511 -0.21332883 -0.20118311  0.44047857 -0.02950716 -0.02838044
 -0.17404296 -0.33107964  0.45110444 -0.20209869] with eigenValue 0.16087548131229965
Eigenvector 6: [-0.04469244  0.17770452 -0.35526881  0.20638812 -0.29099822 -0.37679006
  0.19224944  0.18860356  0.21895618  0.03596807  0.42510238  0.38768349
  0.02843156  0.03175521 -0.33235798 -0.07684549] with eigenValue 0.13036999802296628
Eigenvector 7: [ 0.31012479 -0.01042    -0.07129998  0.14955661  0.03528953  0.08512639
  0.24462099  0.12870981  0.10288198 -0.0707139   0.0052688   0.27937558
  0.49055511  0.19442934  0.6408771   0.09236612] with eigenValue 0.12420013921813583
Eigenvector 8: [-0.01432846  0.23638435 -0.14342982  0.17270986  0.16078001  0.14478536
  0.40406805  0.05142899 -0.30943583 -0.00809238  0.01678223  0.06224013
 -0.59808954  0.22752188  0.1148451   0.39767975] with eigenValue 0.11725280706825095
Eigenvector 9: [ 0.06959501 -0.04425788  0.21421234 -0.07386087 -0.0777811   0.19470549
 -0.13709939  0.04820222 -0.17077595  0.01409451 -0.06651412  0.64742996
 -0.02259625 -0.564435   -0.08157333  0.31316317] with eigenValue 0.09707595165718252
Eigenvector 10: [-0.17183828 -0.11187252  0.21963463  0.14676632  0.23503623 -0.54934523
  0.08434509 -0.14973239 -0.20721762 -0.01931873  0.13453669 -0.17793323
  0.3334017  -0.06622091 -0.07534808  0.5360302 ] with eigenValue 0.08884547351973555
Eigenvector 11: [-0.03166925 -0.1140035  -0.15555993  0.05525506  0.04817973  0.19717674
  0.60575893  0.00864666 -0.3510086   0.02136667  0.0526575  -0.206711
  0.22651132 -0.45682273 -0.1176736  -0.32790604] with eigenValue 0.07878062860987516
Eigenvector 12: [-0.06269822  0.09255413  0.66216801  0.10879596  0.10103219 -0.2441084
  0.14507608  0.09868262 -0.23687337 -0.00133396 -0.00930598  0.28039645
 -0.10231614  0.21762051  0.03085935 -0.49296934] with eigenValue 0.06945176900177408
Eigenvector 13: [-0.02746432  0.1278165   0.03037916 -0.35889757  0.18348536 -0.05026202
  0.34788914 -0.71294154  0.36651776  0.02210473 -0.00899336  0.22121494
 -0.04654604 -0.01743028  0.00292723 -0.03678218] with eigenValue 0.06090351969640783
Eigenvector 14: [ 0.00814099 -0.00921814  0.20516408  0.66492352  0.30412284  0.19130524
 -0.02485743 -0.03535283  0.50278417 -0.03195184  0.12870135 -0.1090316
 -0.14611534 -0.28334606  0.00204421 -0.02781038] with eigenValue 0.05507398176707733
Eigenvector 15: [-0.06348236 -0.01408963 -0.21000864 -0.34841743  0.73940441 -0.15090131
 -0.04662865  0.4559402   0.13087124  0.00991052  0.01246251  0.10974762
 -0.04047266 -0.10789598  0.00274841 -0.08952577] with eigenValue 0.04047943029664312
Variance Ratios for selected components: [0.46199923 0.08740311 0.07013158]
phase1 ran in 0.83s
---------------------phase3---------------------
phase3 ran in 0.45s
---------------------phase4---------------------
phase4 ran in 0.14s
---------------------phase5---------------------
phase5 ran in 5.81s
